PMT 7 Efficiency
Run#	1701	1700	1698	1697	1696
HV:	700	725	750	775	800
1	0.109	0.337	0.717	0.924	0.975
2	0.539	0.594	0.824	0.862	0.899
3	0.598	0.641	0.889	0.945	0.956
5	0.586	0.674	0.837	0.969	0.980
6	0.599	0.849	0.980	0.994	0.977
7	0.545	0.859	0.959	0.994	0.995
8	0.490	0.580	0.885	0.984	0.984
9	0.370	0.705	0.952	0.987	0.994
10	0.617	0.874	0.953	0.994	0.987
11	0.633	0.695	0.871	0.890	0.980
12	0.636	0.727	0.855	0.917	0.916
13	0.371	0.519	0.643	0.658	0.850
15	0.401	0.551	0.612	0.680	0.749
16	-nan	-nan	0.167	0.000	0.081
