1  1.41844  1.04167  1.06952  1.02564  1.02564  1.1236   1.02564  1.03093  1.03093  1.02041  1.01523  1.0101   1.04167  1.03093  1.03093  1.03627  
2  1.02041  1.00503  1.02564  1        1.02041  1.01523  1.0101   1        1        1.00503  1.00503  1        1.0101   1.02564  0.990099 1        
3  1.19048  1.16279  1.19048  1.17647  1.15607  1.17647  1.17647  1.17647  1.17647  1.16959  1.16959  1.16959  1.1976   1.19048  1.19048  1.17647  
4  0.995025 0.97561  1.00503  0.980392 0.980392 0.995025 0.990099 0.970874 0.990099 1        0.990099 0.985222 1.00503  1.01523  0.985222 0.985222 
5  1.03093  1.04167  1.03627  1.07527  1.06952  1.07527  1.08108  1.06383  1.02041  1.02041  1.04167  1.00503  1.02041  1.0101   1.00503  1.10497  
6  1.00503  1.02564  1.02041  1.02564  1.01523  1.03093  1.03093  1.03627  1.03093  1.02041  1.00503  1.0101   1.01523  1.00503  0.995025 1.01523  
7  0.917431 1.02564  1.03093  1.02564  1.01523  1.03627  1.03627  1.03627  1.03093  1.02564  1.02041  1.01523  1.01523  1.01523  1.0101   1.03627  
8  1.11732  1.1236   1.17647  1.10497  1.11111  1.14286  1.15607  1.16959  1.11732  1.0989   1.1236   0.829876 1.1236   1.0989   1.1236   1.1236   
11 1.10497  1.11732  1.0989   1.11111  1.10497  1.11111  1.0989   1.0989   1.10497  1.0929   1.11111  1.0989   1.10497  1.08108  1.0989   1.11732  
12 1.1236   1.1236   1.13636  1.11111  1.11732  1.11111  1.10497  1.1236   1.14286  1.10497  1.11111  1.11111  1.0989   1.0989   1.0989   1.10497  
13 1.0101   1.02564  1.02041  1.03627  1.02041  1.02564  1.03627  1.04167  1.02564  1.0101   1        1.0101   1.0101   1        1        1.02041  
14 1.0989   1.0989   1.0989   1.11111  1.11111  1.14286  1.13636  1.12994  1.0929   1.08108  1.07527  1.08108  1.07527  1.08108  1.08696  1.07527  
17 1.01523  1.01523  1.03093  1.02564  1.01523  1.02041  1.02041  1.0101   1.05263  1.04167  1.04167  1.03627  1.03627  1.06952  1.06952  1.04712  
19 1.11732  1.12994  1.1236   1.07527  1.11732  1.11732  1.12994  1.1236   0        0.966184 0.980392 0.985222 0.97561  0.970874 0.980392 0.995025 
