1       141  192  187  195  195  178  195  194  194  196  197  198  192  194  194  193 
2       196  199  195  200  196  197  198  200  200  199  199  200  198  195  202  200 
3       168  172  168  170  173  170  170  170  170  171  171  171  167  168  168  170 
4       201  205  199  204  204  201  202  206  202  200  202  203  199  197  203  203 
5       194  192  193  186  187  186  185  188  196  196  192  199  196  198  199  181 
6       199  195  196  195  197  194  194  193  194  196  199  198  197  199  201  197 
7       218  195  194  195  197  193  193  193  194  195  196  197  197  197  198  193 
8       179  178  170  181  180  175  173  171  179  182  178  241  178  182  178  178 
11      181  179  182  180  181  180  182  182  181  183  180  182  181  185  182  179 
12      178  178  176  180  179  180  181  178  175  181  180  180  182  182  182  181 
13      198  195  196  193  196  195  193  192  195  198  200  198  198  200  200  196  
14      182  182  182  180  180  175  176  177  183  185  186  185  186  185  184  186 
17      197  197  194  195  197  196  196  198  190  192  192  193  193  187  187  191 
19      179  177  178  186  179  179  177  178  0<*  207  204  203  205  206  204  201 
