Run #: 1889	 PMT #: 10 	  Paramters of fitted ADC data with good TDC. 
Pixel # 	 Mean Value 	 Error 	 Sigma 

1	313.272	0.116256	80.0981
2	364.836	0.110201	76.0006
3	357.286	0.106165	73.1271
4	378.393	0.111962	77.1371
5	405.883	0.137036	95.0284
6	328.182	0.0921669	63.7457
7	416.206	0.132581	92.1361
8	332.4	0.549594	66.52
9	289.658	0.122571	85.2079
10	299.825	0.0942283	65.4401
11	286.416	0.0821944	57.0118
12	379.4	0.10955		82.28
13	506.1	1.88037		120.16
14	506.1	0.000366241	120.16
15	-3.1251e-51	0	1.39643e+242
16	-3.4145e+244	0	-4.47561e+248
