0 0 -0.168629
0 1 -0.163102
0 2 -0.153504
0 3 -0.201675
0 4 -0.202525
0 5 -0.170022
0 6 -0.173758
0 7 -0.189568
0 8 -0.169462
0 9 -0.166236
0 10 -0.163591
0 11 -0.177045
0 12 -0.17412
0 13 -0.173008
0 14 -0.178818
0 15 -0.201479
0 16 -0.152497
0 17 -0.150263
0 18 -0.159081
0 19 -0.179725
0 20 -0.149357
0 21 -0.172513
0 22 -0.180492
0 23 -0.172359
0 24 -0.155614
0 25 -0.165195
0 26 -0.183229
0 27 -0.160891
0 28 -0.163172
0 29 -0.151557
0 30 -0.138648
0 31 -0.159208
0 32 -0.143507
0 33 -0.172355
0 34 -0.161528
0 35 -0.167888
0 36 -0.14615
0 37 -0.17389
0 38 -0.157851
0 39 -0.170233
0 40 -0.168779
0 41 -0.166828
0 42 -0.189448
0 43 -0.184856
0 44 -0.173363
0 45 -0.170814
0 46 -0.173453
0 47 -0.169179
0 48 -0.193412
0 49 -0.171311
0 50 -0.179437
0 51 -0.157124
0 52 -0.164408
0 53 -0.168951
0 54 -0.166189
0 55 -0.169759
0 56 -0.170526
0 57 -0.15871
0 58 -0.14952
0 59 -0.165789
0 60 -0.184399
0 61 -0.151538
0 62 -0.19467
0 63 -0.164045
1 0 -0.15836
1 1 -0.159422
1 2 -0.170134
1 3 -0.186135
1 4 -0.155141
1 5 -0.163052
1 6 -0.158114
1 7 -0.158445
1 8 -0.16716
1 9 -0.173392
1 10 -0.177093
1 11 -0.167496
1 12 -0.159588
1 13 -0.169109
1 14 -0.16236
1 15 -0.163253
1 16 -2.79131
1 17 -2.80228
1 18 -3.03828
1 19 -3.35502
1 20 -3.83062
1 21 -3.16572
1 22 -2.44033
1 23 -3.23244
1 24 -5.1286
1 25 -3.31804
1 26 -2.75023
1 27 -3.72012
1 28 -3.72012
1 29 -2.17876
1 30 -2.2551
1 31 -2.00214
1 32 -3.50337
1 33 -3.50337
1 34 -4.62942
1 35 -3.76608
1 36 -3.18634
1 37 -3.24056
1 38 -2.90625
1 39 -3.38681
1 40 -3.85621
1 41 -3.77467
1 42 -3.58641
1 43 -4.0185
1 44 -3.51453
1 45 -3.25698
1 46 -2.65346
1 47 -3.55535
1 48 -0.154933
1 49 -0.160869
1 50 -0.159831
1 51 -0.154333
1 52 -0.166616
1 53 -0.144911
1 54 -0.174383
1 55 -0.165543
1 56 -0.158782
1 57 -0.15543
1 58 -0.160882
1 59 -0.151617
1 60 -0.198529
1 61 -0.155724
1 62 -0.165802
1 63 -0.20566
2 0 -0.00811669
2 1 -0.00684025
2 2 -0.00552582
2 3 -0.00351338
2 4 -0.00855875
2 5 -0.00603959
2 6 -0.00655777
2 7 -0.00870755
2 8 -0.00777349
2 9 -0.0126328
2 10 -0.00532126
2 11 -0.00677059
2 12 -0.00545621
2 13 -0.00691302
2 14 -0.00648767
2 15 -0.00690453
2 16 -0.0051914
2 17 -0.00874144
2 18 -0.00623573
2 19 -0.00839769
2 20 -0.0145565
2 21 -0.00500253
2 22 -0.00865848
2 23 -0.00413614
2 24 -0.00857272
2 25 -0.00546057
2 26 -0.00691567
2 27 -0.00458954
2 28 0.0022322
2 29 -0.00422869
2 30 -0.00795466
2 31 -0.000783745
2 32 -0.0133423
2 33 -0.00518153
2 34 -0.00816861
2 35 -0.00513728
2 36 -0.0172662
2 37 -0.0068796
2 38 -0.00718584
2 39 -0.0103673
2 40 -0.00433338
2 41 -0.00877789
2 42 -0.0173186
2 43 -0.00311516
2 44 -0.00556791
2 45 -0.01162
2 46 -0.00524188
2 47 -0.00681903
2 48 -0.00655265
2 49 -0.00789127
2 50 -0.0163214
2 51 -0.00799282
2 52 -0.009925
2 53 -0.0133149
2 54 -0.0156319
2 55 -0.0153125
2 56 -0.0119275
2 57 -0.0102794
2 58 -0.00367212
2 59 -0.00967183
2 60 0.000973156
2 61 -0.00577375
2 62 -0.00954007
2 63 -0.0021753
3 0 -0.00443637
3 1 -0.0102513
3 2 -0.00975937
3 3 -0.00938555
3 4 -0.00246756
3 5 -0.0083338
3 6 -0.0107337
3 7 -0.00712882
3 8 -0.00669012
3 9 -0.0158604
3 10 -0.00752064
3 11 -0.0110512
3 12 -0.00605493
3 13 -0.00408846
3 14 -0.00883491
3 15 -0.00279621
3 16 -0.00117806
3 17 -0.00175649
3 18 -0.0019052
3 19 -0.00242589
3 20 -0.00319382
3 21 -0.00059638
3 22 0.0026562
3 23 -0.0025905
3 24 -0.00443367
3 25 -0.00750596
3 26 -0.00594116
3 27 -0.00240563
3 28 0.000732775
3 29 -0.00643972
3 30 -0.00644648
3 31 0.000638188
3 32 -0.00533563
3 33 -0.00897845
3 34 -0.00653103
3 35 -0.00909064
3 36 -0.00981941
3 37 -0.0269079
3 38 -0.00428791
3 39 -0.010821
3 40 -0.00305177
3 41 -0.00458454
3 42 -0.00902811
3 43 -0.00593905
3 44 -0.00158959
3 45 -0.00753687
3 46 -0.00737609
3 47 -0.0102972
3 48 -0.0068063
3 49 -0.00544268
3 50 -0.00788992
3 51 -0.00213602
3 52 -0.00541226
3 53 -0.00664047
3 54 -0.00607626
3 55 -0.0076982
3 56 -0.00666897
3 57 -0.00766639
3 58 -0.00696957
3 59 -0.00590411
3 60 -0.00580165
3 61 -0.00843319
3 62 -0.00506839
3 63 -0.00250942
