# Mon May 18 11:33:50 EDT 2015 HVFrame-0(rpi3:2001) demand voltage set(DV) 
rpi3:2001 S0 DV 0.0 0.0 0.0 0.0 0.0 0.0 0.0 0.0 0.0 0.0 0.0 0.0 
rpi3:2001 S1 DV 0.0 0.0 0.0 0.0 0.0 0.0 0.0 0.0 0.0 0.0 0.0 0.0 
rpi3:2001 S2 DV 0.0 0.0 0.0 0.0 0.0 0.0 0.0 0.0 0.0 0.0 0.0 0.0 
rpi3:2001 S3 DV 0.0 0.0 0.0 0.0 0.0 0.0 0.0 0.0 0.0 0.0 0.0 0.0 
rpi3:2001 S4 DV 0.0 0.0 0.0 0.0 0.0 0.0 0.0 0.0 0.0 0.0 0.0 0.0 
rpi3:2001 S5 DV 0.0 0.0 0.0 0.0 0.0 0.0 0.0 0.0 0.0 0.0 0.0 0.0 
rpi3:2001 S6 DV 0.0 0.0 0.0 0.0 0.0 0.0 0.0 0.0 0.0 0.0 0.0 0.0 
rpi3:2001 S7 DV 0.0 0.0 0.0 0.0 0.0 0.0 0.0 0.0 0.0 0.0 0.0 0.0 
rpi3:2001 S8 DV 0.0 0.0 0.0 0.0 0.0 0.0 0.0 0.0 0.0 0.0 0.0 0.0 
rpi3:2001 S9 DV 0.0 0.0 0.0 0.0 0.0 0.0 0.0 0.0 0.0 0.0 0.0 0.0 
rpi3:2001 S10 DV 0.0 0.0 0.0 0.0 0.0 0.0 0.0 0.0 0.0 0.0 0.0 0.0 
rpi3:2001 S11 DV .0 .0 .0 .0 .0 .0 .0 .0 .0 .0 .0 .0 
rpi3:2001 S12 DV .0 .0 .0 .0 .0 .0 .0 .0 .0 .0 .0 .0 
rpi3:2001 S13 DV 0.0 0.0 0.0 0.0 0.0 0.0 0.0 0.0 0.0 0.0 0.0 0.0 
rpi3:2001 S14 DV 0.0 0.0 0.0 0.0 0.0 0.0 0.0 0.0 0.0 0.0 0.0 0.0 
rpi3:2001 S15 DV -2000.0 0.0 0.0 0.0 0.0 0.0 0.0 0.0 0.0 0.0 0.0 0.0 
